  1       --        1.000000      --                    1.000000
  2     5.000000    0.970387    0.290871                0.993654
  3    10.000000    0.902265    1.574203                0.986200
  4    15.000000    0.814111    4.732229                0.977682
  5    20.000000    0.724752    9.878957                0.968145
  6    25.000000    0.647152   17.047228                0.957800
  7    30.000000    0.586022   25.510127                0.946230
  8    35.000000    0.539393   34.585708                0.933685
  9    40.000000    0.504117   43.634867                0.920214
 10    45.000000    0.473581   52.372500                0.906557
 11    50.000000    0.445519   60.716812                0.891903
 12    55.000000    0.417889   68.933745                0.876399
 13    60.000000    0.390409   77.143463                0.860100
 14    65.000000    0.363013   85.601764                0.843210
 15    70.000000    0.338045   93.960053                0.825350
 16    75.000000    0.313646  102.512450                0.806808
 17    80.000000    0.289954  111.209856                0.787642
 18    85.000000    0.268310  119.891442                0.768061
 19    90.000000    0.248161  128.640652                0.747701
 20    95.000000    0.229896  137.336128                0.726860
 21   100.000000    0.213407  146.165463                0.705597
 22   105.000000    0.197025  154.817441                0.684120
 23   110.000000    0.182245  163.362757                0.662081
 24   115.000000    0.168652  171.910893                0.639784
 25   120.000000    0.156182  179.881645                0.617282
 26   125.000000    0.143359 -171.929986                0.594779
 27   130.000000    0.132423 -164.176108                0.571941
 28   135.000000    0.121512 -156.719330                0.549072
 29   140.000000    0.112017 -149.531464                0.526216
 30   145.000000    0.101126 -142.441171                0.503569
 31   150.000000    0.091843 -136.130662                0.480812
 32   155.000000    0.082554 -130.258960                0.458237
 33   160.000000    0.073779 -124.617064                0.435884
 34   165.000000    0.065322 -118.303087                0.414087
 35   170.000000    0.057527 -112.997398                0.392875
 36   175.000000    0.050677 -107.792910                0.371996
 37   180.000000    0.044815 -103.789605                0.351474
 38   185.000000    0.037989  -98.739582                0.331472
 39   190.000000    0.033267  -95.007547                0.311705
 40   195.000000    0.028802  -92.995460                0.292419
 41   200.000000    0.024992  -90.858094                0.273631
 42   205.000000    0.020161  -92.209718                0.255480
 43   210.000000    0.017348  -94.278275                0.237701
 44   215.000000    0.015278  -98.775364                0.220509
 45   220.000000    0.013082 -103.500635                0.203911
 46   225.000000    0.011372 -110.621614                0.187913
 47   230.000000    0.010169 -126.465387                0.172603
 48   235.000000    0.009474 -131.114507                0.157830
 49   240.000000    0.009230 -135.118907                0.143703
 50   245.000000    0.009202 -137.464362                0.130219
 51   250.000000    0.010508 -145.647505                0.117916
 52   255.000000    0.010850 -149.427852                0.106218
 53   260.000000    0.010933 -155.000715                0.095127
 54   265.000000    0.010088 -163.582382                0.084634
 55   270.000000    0.010891 -169.798225                0.074788
 56   275.000000    0.008003  178.763947                0.065463
 57   280.000000    0.004965  165.986786                0.056726
 58   285.000000    0.002017  147.772264                0.048561
 59   290.000000    0.000430  -59.839852                0.041819
 60   295.000000    0.002664  -63.432440                0.035886
 61   300.000000    0.003806  -79.191558                0.030369
