  1       --        1.000000      --                    1.000000
  2     5.000000    0.908236    1.189861                0.995654
  3    10.000000    0.708389    8.457726                0.990754
  4    15.000000    0.532533   25.451972                0.985314
  5    20.000000    0.434390   47.532512                0.979350
  6    25.000000    0.368584   68.957645                0.972878
  7    30.000000    0.304920   91.458245                0.966112
  8    35.000000    0.258141  117.394873                0.958643
  9    40.000000    0.231727  143.482125                0.950665
 10    45.000000    0.209094  167.669798                0.942194
 11    50.000000    0.185824 -168.343187                0.933248
 12    55.000000    0.163782 -143.357164                0.923846
 13    60.000000    0.146704 -116.506845                0.914367
 14    65.000000    0.136732  -90.246468                0.904508
 15    70.000000    0.126572  -66.027680                0.894203
 16    75.000000    0.112627  -41.979025                0.883474
 17    80.000000    0.099497  -14.554183                0.872338
 18    85.000000    0.094729   14.273103                0.860817
 19    90.000000    0.096752   41.519691                0.849111
 20    95.000000    0.100048   59.844431                0.836798
 21   100.000000    0.091720   74.594274                0.824128
 22   105.000000    0.072584   90.633199                0.811123
 23   110.000000    0.049124  116.356785                0.797803
 24   115.000000    0.038815  164.813145                0.784188
 25   120.000000    0.036655 -141.246107                0.770461
 26   125.000000    0.061628 -119.624326                0.756237
 27   130.000000    0.080746 -110.577898                0.741764
 28   135.000000    0.088203 -105.780673                0.727061
 29   140.000000    0.086606 -103.447108                0.712149
 30   145.000000    0.074955 -102.628643                0.697048
 31   150.000000    0.087860  -78.641155                0.681918
 32   155.000000    0.075129  -80.619650                0.666426
 33   160.000000    0.059042  -87.130774                0.650800
 34   165.000000    0.046353  -99.655662                0.635061
 35   170.000000    0.039716 -120.611151                0.619225
 36   175.000000    0.055344  -47.348464                0.603500
 37   180.000000    0.048517  -57.550345                0.587463
 38   185.000000    0.046486  -70.018197                0.571393
 39   190.000000    0.048074  -81.218070                0.555308
 40   195.000000    0.052144  -88.569094                0.539224
 41   200.000000    0.056794  -92.746919                0.523156
 42   205.000000    0.047015   17.517395                0.507285
 43   210.000000    0.046251   11.529904                0.491243
 44   215.000000    0.047404    6.687172                0.475283
 45   220.000000    0.049371    3.619106                0.459419
 46   225.000000    0.051878    0.888914                0.443663
 47   230.000000    0.053637   -0.484484                0.428028
 48   235.000000    0.051739  133.057539                0.412859
 49   240.000000    0.048009  130.448684                0.397919
 50   245.000000    0.045553  127.984449                0.383140
 51   250.000000    0.044020  125.894819                0.368532
 52   255.000000    0.042463  124.676066                0.354103
 53   260.000000    0.041800  123.198930                0.339862
 54   265.000000    0.064407 -102.546708                0.325937
 55   270.000000    0.060982 -106.555676                0.312077
 56   275.000000    0.057987 -111.233853                0.298455
 57   280.000000    0.055246 -115.981874                0.285076
 58   285.000000    0.052804 -120.212774                0.271946
 59   290.000000    0.050566 -124.808562                0.259071
 60   295.000000    0.035013   33.319451                0.246559
 61   300.000000    0.033374   28.097153                0.234198
