  1       --        1.000000      --                    1.000000
  2     5.000000    0.988231   -0.005614                0.992995
  3    10.000000    0.966788    0.258342                0.984710
  4    15.000000    0.938060    0.704571                0.975201
  5    20.000000    0.904397    1.550131                0.964719
  6    25.000000    0.867188    2.719238                0.952858
  7    30.000000    0.828961    4.044203                0.939832
  8    35.000000    0.789418    5.876701                0.925704
  9    40.000000    0.751712    7.857418                0.911028
 10    45.000000    0.715141    9.978082                0.895484
 11    50.000000    0.679314   12.501703                0.878938
 12    55.000000    0.645674   14.972870                0.861459
 13    60.000000    0.613753   17.641454                0.843266
 14    65.000000    0.583348   20.274878                0.823982
 15    70.000000    0.553165   23.153539                0.803912
 16    75.000000    0.525304   25.823282                0.783127
 17    80.000000    0.498403   28.544175                0.761818
 18    85.000000    0.472262   31.301865                0.739683
 19    90.000000    0.447128   33.915386                0.717017
 20    95.000000    0.421849   36.612325                0.694086
 21   100.000000    0.398503   39.241957                0.670464
 22   105.000000    0.375545   41.720489                0.646517
 23   110.000000    0.353152   44.104340                0.622313
 24   115.000000    0.330944   46.418968                0.598081
 25   120.000000    0.309622   48.660622                0.573470
 26   125.000000    0.289056   50.730987                0.548816
 27   130.000000    0.269624   52.542048                0.524177
 28   135.000000    0.249667   54.503456                0.499745
 29   140.000000    0.231463   56.085255                0.475246
 30   145.000000    0.214056   57.453334                0.450968
 31   150.000000    0.196861   58.593268                0.426959
 32   155.000000    0.180339   59.443669                0.403873
 33   160.000000    0.164664   60.031000                0.381189
 34   165.000000    0.149932   60.193780                0.358905
 35   170.000000    0.136407   60.091808                0.337055
 36   175.000000    0.122602   59.673663                0.315766
 37   180.000000    0.110684   58.509335                0.294878
 38   185.000000    0.099462   57.219932                0.274562
 39   190.000000    0.088581   55.342635                0.254959
 40   195.000000    0.079448   53.107195                0.235819
 41   200.000000    0.071145   50.282815                0.217359
 42   205.000000    0.063546   47.057206                0.199587
 43   210.000000    0.056744   42.794100                0.182606
 44   215.000000    0.051088   38.733479                0.166222
 45   220.000000    0.046270   34.231356                0.150589
 46   225.000000    0.041987   29.575189                0.135702
 47   230.000000    0.038454   22.756335                0.121965
 48   235.000000    0.035031   17.145650                0.109128
 49   240.000000    0.031821   11.126961                0.096998
 50   245.000000    0.029136    5.271629                0.085564
 51   250.000000    0.027122   -1.455093                0.074871
 52   255.000000    0.024493   -6.185579                0.064796
 53   260.000000    0.022369  -10.729233                0.055402
 54   265.000000    0.020178  -15.272425                0.046671
 55   270.000000    0.018996  -24.464129                0.039912
 56   275.000000    0.016878  -32.469029                0.033646
 57   280.000000    0.014528  -40.277071                0.027856
 58   285.000000    0.013188  -49.050032                0.022561
 59   290.000000    0.010173  -56.626692                0.017663
 60   295.000000    0.007481  -63.527872                0.013204
 61   300.000000    0.005042  -68.006687                0.009167
