  1       --        1.000000      --                    1.000000
  2     5.000000    0.975852   -0.005643                0.993228
  3    10.000000    0.918374    0.291746                0.985158
  4    15.000000    0.833242    1.081663                0.975848
  5    20.000000    0.728362    2.550972                0.965552
  6    25.000000    0.611191    5.444594                0.953858
  7    30.000000    0.493437    9.920184                0.940979
  8    35.000000    0.382911   17.081127                0.926982
  9    40.000000    0.288969   28.420091                0.912399
 10    45.000000    0.221082   45.221796                0.896927
 11    50.000000    0.183451   66.830701                0.880435
 12    55.000000    0.171975   88.593205                0.862995
 13    60.000000    0.174354  105.989285                0.844834
 14    65.000000    0.176240  118.737021                0.825560
 15    70.000000    0.174281  128.161256                0.805486
 16    75.000000    0.166510  136.589801                0.784686
 17    80.000000    0.154009  144.083803                0.763357
 18    85.000000    0.139014  152.040138                0.741184
 19    90.000000    0.122002  159.787775                0.718470
 20    95.000000    0.105095  168.420706                0.695493
 21   100.000000    0.090191  177.915375                0.671806
 22   105.000000    0.077456 -171.691230                0.647789
 23   110.000000    0.067061 -161.515452                0.623511
 24   115.000000    0.057767 -150.201155                0.599212
 25   120.000000    0.051895 -139.324603                0.574518
 26   125.000000    0.047200 -128.820880                0.549782
 27   130.000000    0.042846 -120.503190                0.525062
 28   135.000000    0.038931 -112.764233                0.500558
 29   140.000000    0.035651 -106.444352                0.475978
 30   145.000000    0.032666 -102.050112                0.451624
 31   150.000000    0.029883  -97.839841                0.427544
 32   155.000000    0.026871  -94.470807                0.404319
 33   160.000000    0.024593  -91.726534                0.381550
 34   165.000000    0.022021  -90.543322                0.359189
 35   170.000000    0.020178  -91.357134                0.337271
 36   175.000000    0.018279  -92.383098                0.315927
 37   180.000000    0.016730  -96.408130                0.294984
 38   185.000000    0.015160 -102.127388                0.274625
 39   190.000000    0.014299 -108.632361                0.254997
 40   195.000000    0.013392 -117.979019                0.235829
 41   200.000000    0.013396 -124.688641                0.217352
 42   205.000000    0.013371 -133.115032                0.199575
 43   210.000000    0.013498 -140.331638                0.182605
 44   215.000000    0.013211 -146.361493                0.166230
 45   220.000000    0.012302 -151.194762                0.150616
 46   225.000000    0.011033 -155.931576                0.135759
 47   230.000000    0.010282 -160.042688                0.121973
 48   235.000000    0.008352 -161.049697                0.109160
 49   240.000000    0.006104 -162.367511                0.097063
 50   245.000000    0.003750 -160.583804                0.085670
 51   250.000000    0.001631 -137.124954                0.075027
 52   255.000000    0.001415  -35.783197                0.065001
 53   260.000000    0.003363  -12.661178                0.055663
 54   265.000000    0.005010  -12.141756                0.046992
 55   270.000000    0.007179  -23.985370                0.040058
 56   275.000000    0.007891  -32.240470                0.033828
 57   280.000000    0.008008  -40.842336                0.028078
 58   285.000000    0.008877  -48.939919                0.022828
 59   290.000000    0.007270  -55.794761                0.017971
 60   295.000000    0.005619  -61.137511                0.013556
 61   300.000000    0.004049  -64.556702                0.009563
