  1       --        1.000000      --                    1.000000
  2     5.000000    0.832700    0.381234                0.993397
  3    10.000000    0.462468    4.860576                0.985475
  4    15.000000    0.135329   33.909681                0.976293
  5    20.000000    0.097265  132.812866                0.966110
  6    25.000000    0.082431  163.230381                0.954505
  7    30.000000    0.032693 -125.205893                0.941696
  8    35.000000    0.050334  -55.956326                0.927750
  9    40.000000    0.038569  -30.066164                0.913196
 10    45.000000    0.017949   41.396725                0.897719
 11    50.000000    0.027327  107.557372                0.881204
 12    55.000000    0.024212  134.758373                0.863726
 13    60.000000    0.013603 -179.494615                0.845514
 14    65.000000    0.013253 -113.407351                0.826171
 15    70.000000    0.012906  -79.509588                0.806016
 16    75.000000    0.006496  -45.830609                0.785124
 17    80.000000    0.005013   73.989882                0.763694
 18    85.000000    0.010670  111.294133                0.741408
 19    90.000000    0.012833  125.737808                0.718574
 20    95.000000    0.013085  134.767209                0.695474
 21   100.000000    0.008545  144.030101                0.671655
 22   105.000000    0.003175  158.805463                0.647505
 23   110.000000    0.001626  -79.087215                0.623092
 24   115.000000    0.007325  -36.849556                0.598660
 25   120.000000    0.011606  -36.228272                0.573831
 26   125.000000    0.014954  -38.685252                0.548964
 27   130.000000    0.017398  -41.713209                0.524119
 28   135.000000    0.022214  -53.709022                0.499496
 29   140.000000    0.024163  -54.980471                0.474801
 30   145.000000    0.026234  -55.254220                0.450341
 31   150.000000    0.028120  -52.760931                0.426166
 32   155.000000    0.086282  -62.487174                0.402846
 33   160.000000    0.081286  -57.221432                0.379980
 34   165.000000    0.073462  -51.769191                0.357536
 35   170.000000    0.064321  -45.940816                0.335548
 36   175.000000    0.171744   33.659976                0.314146
 37   180.000000    0.138319   39.762163                0.293159
 38   185.000000    0.107221   49.181610                0.272771
 39   190.000000    0.214446 -168.555769                0.253126
 40   195.000000    0.200896 -168.670795                0.233954
 41   200.000000    0.178510 -167.896474                0.215489
 42   205.000000    0.148100 -166.131806                0.197736
 43   210.000000    0.094843   10.889099                0.180803
 44   215.000000    0.111933    6.654175                0.164477
 45   220.000000    0.117412    4.442866                0.148925
 46   225.000000    0.110284    3.431032                0.134141
 47   230.000000    0.034039 -173.707218                0.120434
 48   235.000000    0.053851  178.418767                0.107695
 49   240.000000    0.065403  174.597140                0.095681
 50   245.000000    0.065860  171.767065                0.084378
 51   250.000000    0.017859  -11.903022                0.073833
 52   255.000000    0.031173  -16.836039                0.063913
 53   260.000000    0.037623  -21.273705                0.054685
 54   265.000000    0.036036  -24.901420                0.046128
 55   270.000000    0.013783  149.803912                0.039289
 56   275.000000    0.019071  143.046449                0.033140
 57   280.000000    0.019820  137.465505                0.027474
 58   285.000000    0.006975  -55.075072                0.022310
 59   290.000000    0.007936  -59.205867                0.017540
 60   295.000000    0.009171  -62.714913                0.013213
 61   300.000000    0.008635  -67.028650                0.009306
