  1       --        1.000000      --                    1.000000
  2     5.000000    0.985776    0.057894                0.993113
  3    10.000000    0.957695    0.383619                0.984943
  4    15.000000    0.919687    1.052027                0.975545
  5    20.000000    0.874871    2.205841                0.965172
  6    25.000000    0.827301    3.789902                0.953416
  7    30.000000    0.779192    5.832726                0.940489
  8    35.000000    0.731871    8.261634                0.926456
  9    40.000000    0.687715   10.955967                0.911852
 10    45.000000    0.646189   14.153538                0.896382
 11    50.000000    0.607385   17.307717                0.879904
 12    55.000000    0.572161   20.701296                0.862489
 13    60.000000    0.538346   24.214608                0.844360
 14    65.000000    0.507752   27.755008                0.825131
 15    70.000000    0.478251   31.353531                0.805110
 16    75.000000    0.451541   34.858270                0.784371
 17    80.000000    0.424642   38.486076                0.763109
 18    85.000000    0.399863   42.100947                0.741011
 19    90.000000    0.375544   45.535620                0.718376
 20    95.000000    0.352911   48.887041                0.695480
 21   100.000000    0.329737   52.378879                0.671881
 22   105.000000    0.308387   55.757637                0.647954
 23   110.000000    0.287993   58.849594                0.623766
 24   115.000000    0.267426   62.190314                0.599555
 25   120.000000    0.247802   65.471206                0.574951
 26   125.000000    0.228923   68.566171                0.550303
 27   130.000000    0.210564   71.503797                0.525668
 28   135.000000    0.193738   74.743120                0.501244
 29   140.000000    0.177135   77.575272                0.476740
 30   145.000000    0.161894   80.618224                0.452458
 31   150.000000    0.147233   82.970334                0.428443
 32   155.000000    0.133081   85.582324                0.405283
 33   160.000000    0.119589   87.984070                0.382578
 34   165.000000    0.106866   90.075109                0.360274
 35   170.000000    0.094919   91.847009                0.338405
 36   175.000000    0.084050   93.916871                0.317101
 37   180.000000    0.073257   95.195961                0.296189
 38   185.000000    0.064136   95.924656                0.275852
 39   190.000000    0.055110   97.068253                0.256236
 40   195.000000    0.047131   97.531936                0.237072
 41   200.000000    0.040256   96.696783                0.218589
 42   205.000000    0.033821   96.169995                0.200797
 43   210.000000    0.027711   94.989454                0.183804
 44   215.000000    0.023373   92.246858                0.167397
 45   220.000000    0.019253   88.211668                0.151743
 46   225.000000    0.015919   81.587672                0.136839
 47   230.000000    0.012525   71.763498                0.123001
 48   235.000000    0.010544   60.269289                0.110141
 49   240.000000    0.009013   46.102296                0.097989
 50   245.000000    0.008396   32.031152                0.086536
 51   250.000000    0.008098   15.267691                0.075827
 52   255.000000    0.008151    7.819846                0.065732
 53   260.000000    0.008133    3.071574                0.056321
 54   265.000000    0.008230   -2.528349                0.047574
 55   270.000000    0.009009  -15.575111                0.040576
 56   275.000000    0.008854  -26.104597                0.034292
 57   280.000000    0.008172  -35.185148                0.028486
 58   285.000000    0.008851  -45.985081                0.023178
 59   290.000000    0.006535  -53.461744                0.018263
 60   295.000000    0.004433  -60.533815                0.013790
 61   300.000000    0.002616  -63.590499                0.009737
