  1       --        1.000000      --                    1.000000
  2     5.000000    0.989559   -0.002770                0.993132
  3    10.000000    0.971579    0.236665                0.984978
  4    15.000000    0.948452    0.598932                0.975594
  5    20.000000    0.921331    1.274934                0.965234
  6    25.000000    0.892103    2.144770                0.953488
  7    30.000000    0.861472    3.197048                0.940569
  8    35.000000    0.830567    4.489514                0.926542
  9    40.000000    0.800360    5.918615                0.911941
 10    45.000000    0.771165    7.455934                0.896472
 11    50.000000    0.742019    9.107880                0.879991
 12    55.000000    0.713833   10.831216                0.862572
 13    60.000000    0.687023   12.491978                0.844439
 14    65.000000    0.660041   14.340425                0.825202
 15    70.000000    0.634362   16.082808                0.805173
 16    75.000000    0.608167   17.836512                0.784424
 17    80.000000    0.583536   19.515612                0.763151
 18    85.000000    0.559113   21.238439                0.741040
 19    90.000000    0.534651   22.969564                0.718393
 20    95.000000    0.510820   24.561980                0.695484
 21   100.000000    0.487138   26.121559                0.671870
 22   105.000000    0.463808   27.680611                0.647928
 23   110.000000    0.440904   29.027451                0.623726
 24   115.000000    0.418251   30.400455                0.599501
 25   120.000000    0.395740   31.788519                0.574882
 26   125.000000    0.373579   32.966990                0.550219
 27   130.000000    0.352366   34.211063                0.525570
 28   135.000000    0.331193   35.138641                0.501133
 29   140.000000    0.309936   36.187255                0.476617
 30   145.000000    0.290211   37.056834                0.452323
 31   150.000000    0.270478   37.791453                0.428297
 32   155.000000    0.251303   38.173224                0.405127
 33   160.000000    0.232656   38.517819                0.382412
 34   165.000000    0.215013   38.587164                0.360099
 35   170.000000    0.197775   38.567874                0.338221
 36   175.000000    0.181181   38.026178                0.316910
 37   180.000000    0.165777   37.678055                0.295994
 38   185.000000    0.150685   36.809019                0.275653
 39   190.000000    0.137062   35.371427                0.256035
 40   195.000000    0.123888   34.189148                0.236870
 41   200.000000    0.111383   32.777157                0.218388
 42   205.000000    0.099805   30.919472                0.200598
 43   210.000000    0.090003   28.028648                0.183609
 44   215.000000    0.080404   25.831252                0.167207
 45   220.000000    0.071720   23.091795                0.151560
 46   225.000000    0.064005   20.044253                0.136663
 47   230.000000    0.057373   16.028252                0.122834
 48   235.000000    0.051024   11.929501                0.109981
 49   240.000000    0.045345    7.589288                0.097838
 50   245.000000    0.039944    3.285179                0.086395
 51   250.000000    0.035835   -1.947982                0.075697
 52   255.000000    0.031520   -6.037360                0.065613
 53   260.000000    0.027534  -10.256334                0.056213
 54   265.000000    0.023991  -13.999179                0.047479
 55   270.000000    0.021837  -21.245622                0.040491
 56   275.000000    0.018918  -28.227140                0.034216
 57   280.000000    0.016149  -35.354833                0.028419
 58   285.000000    0.014464  -43.139838                0.023121
 59   290.000000    0.011134  -50.239032                0.018216
 60   295.000000    0.008194  -56.761526                0.013751
 61   300.000000    0.005555  -61.587269                0.009709
