1       --        1.000000      --                    1.000000
  2     5.000000    0.754868    1.285992                0.992738
  3    10.000000    0.316410   12.392592                0.984227
  4    15.000000    0.086767   64.107772                0.974521
  5    20.000000    0.030181  115.230320                0.963864
  6    25.000000    0.016303  -63.038110                0.951863
  7    30.000000    0.014832  -37.455540                0.938725
  8    35.000000    0.010160   98.696321                0.924513
  9    40.000000    0.016412  130.848527                0.909785
 10    45.000000    0.008091  171.061286                0.894242
 11    50.000000    0.006111 -106.070473                0.877721
 12    55.000000    0.005257  -68.599988                0.860290
 13    60.000000    0.001296   47.839426                0.842164
 14    65.000000    0.006136  106.552379                0.822974
 15    70.000000    0.006205  108.509295                0.803015
 16    75.000000    0.001934   63.312059                0.782358
 17    80.000000    0.006253  -31.771634                0.761192
 18    85.000000    0.010298  -64.940769                0.739217
 19    90.000000    0.010999  -82.095162                0.716720
 20    95.000000    0.012678 -115.029784                0.693964
 21   100.000000    0.012554 -165.415452                0.670531
 22   105.000000    0.019351  155.262479                0.646777
 23   110.000000    0.025940  133.775614                0.622767
 24   115.000000    0.051945  132.983779                0.598728
 25   120.000000    0.057394  119.832976                0.574313
 26   125.000000    0.059231  108.553317                0.549849
 27   130.000000    0.059851   98.893992                0.525394
 28   135.000000    0.126326  129.145613                0.501137
 29   140.000000    0.128556  126.541332                0.476807
 30   145.000000    0.128522  125.785112                0.452686
 31   150.000000    0.126406  125.977210                0.428820
 32   155.000000    0.311639 -150.898880                0.405879
 33   160.000000    0.295021 -150.512700                0.383340
 34   165.000000    0.274638 -149.744417                0.361184
 35   170.000000    0.250334 -148.533680                0.339442
 36   175.000000    0.138729   57.836188                0.318245
 37   180.000000    0.142106   49.800174                0.297428
 38   185.000000    0.148925   43.039591                0.277164
 39   190.000000    0.042958  -18.921297                0.257591
 40   195.000000    0.032393  -30.211502                0.238464
 41   200.000000    0.022934  -62.486381                0.219995
 42   205.000000    0.026388 -111.703249                0.202195
 43   210.000000    0.011936 -144.489129                0.185167
 44   215.000000    0.012571 -147.137252                0.168718
 45   220.000000    0.008147 -138.396346                0.153001
 46   225.000000    0.004073  -32.296347                0.138014
 47   230.000000    0.003954   39.000019                0.124170
 48   235.000000    0.008055   48.747384                0.111232
 49   240.000000    0.006537   69.152986                0.098986
 50   245.000000    0.007672  152.045484                0.087424
 51   250.000000    0.009845 -165.361393                0.076591
 52   255.000000    0.005881 -159.455293                0.066365
 53   260.000000    0.006292  -27.727416                0.056813
 54   265.000000    0.015983  -20.299117                0.047916
 55   270.000000    0.002576    9.119630                0.041027
 56   275.000000    0.010956  145.112192                0.034644
 57   280.000000    0.012835  138.690412                0.028733
 58   285.000000    0.020719  -39.917281                0.023313
 59   290.000000    0.010890  -49.801151                0.018287
 60   295.000000    0.002603  -68.196409                0.013700
 61   300.000000    0.001203  130.275091                0.009533
