  1       --        1.000000      --                    1.000000
  2     5.000000    0.760852      --                    0.992545
  3    10.000000    0.315522      --                    0.983779
  4    15.000000    0.041873      --                    0.973762
  5    20.000000    0.004772  180.000000                0.962740
  6    25.000000    0.020133      --                    0.950314
  7    30.000000    0.016501      --                    0.936702
  8    35.000000    0.008398 -180.000000                0.921972
  9    40.000000    0.017130 -180.000000                0.906820
 10    45.000000    0.007444 -180.000000                0.890682
 11    50.000000    0.002672      --                    0.873533
 12    55.000000    0.004196      --                    0.855446
 13    60.000000    0.000370  180.000000                0.836608
 14    65.000000    0.004528  180.000000                0.816699
 15    70.000000    0.005235  180.000000                0.796007
 16    75.000000    0.004743 -180.000000                0.774792
 17    80.000000    0.000867 -180.000000                0.752646
 18    85.000000    0.004670      --                    0.729909
 19    90.000000    0.007035      --                    0.706654
 20    95.000000    0.008001      --                    0.683103
 21   100.000000    0.004611      --                    0.658931
 22   105.000000    0.002452  180.000000                0.634455
 23   110.000000    0.009450  180.000000                0.609746
 24   115.000000    0.024166  180.000000                0.584983
 25   120.000000    0.030874 -180.000000                0.559934
 26   125.000000    0.036151 -180.000000                0.534870
 27   130.000000    0.065986 -180.000000                0.510016
 28   135.000000    0.073311 -180.000000                0.485026
 29   140.000000    0.077881 -180.000000                0.460239
 30   145.000000    0.081625 -180.000000                0.435704
 31   150.000000    0.310986 -180.000000                0.411915
 32   155.000000    0.292247 -180.000000                0.388732
 33   160.000000    0.265280 -180.000000                0.365940
 34   165.000000    0.231032 -180.000000                0.343577
 35   170.000000    0.232602      --                    0.321778
 36   175.000000    0.235809      --                    0.300366
 37   180.000000    0.235377      --                    0.279530
 38   185.000000    0.004152      --                    0.259417
 39   190.000000    0.018700  180.000000                0.239767
 40   195.000000    0.043856  180.000000                0.220807
 41   200.000000    0.068312  180.000000                0.202549
 42   205.000000    0.012782  180.000000                0.185096
 43   210.000000    0.005941  180.000000                0.168256
 44   215.000000    0.007319      --                    0.152184
 45   220.000000    0.023491      --                    0.136880
 46   225.000000    0.004180      --                    0.122816
 47   230.000000    0.000514      --                    0.109642
 48   235.000000    0.007698 -180.000000                0.097194
 49   240.000000    0.018528 -180.000000                0.085462
 50   245.000000    0.004046 -180.000000                0.074489
 51   250.000000    0.003315      --                    0.064161
 52   255.000000    0.013276      --                    0.054535
 53   260.000000    0.009950      --                    0.045968
 54   265.000000    0.006270 -180.000000                0.039073
 55   270.000000    0.012625 -180.000000                0.032686
 56   275.000000    0.010250 -180.000000                0.026789
 57   280.000000    0.014931      --                    0.021392
 58   285.000000    0.005406      --                    0.016418
 59   290.000000    0.000208      --                    0.011897
 60   295.000000    0.000103 -180.000000                0.007809
 61   300.000000    0.004907      --                    0.006066
