  1       --        1.000000      --                    1.000000
  2     5.000000    0.793280      --                    0.993221
  3    10.000000    0.363360      --                    0.985062
  4    15.000000    0.023333      --                    0.975583
  5    20.000000    0.079836 -180.000000                0.965049
  6    25.000000    0.025895 -180.000000                0.953028
  7    30.000000    0.032840      --                    0.939754
  8    35.000000    0.029849      --                    0.925297
  9    40.000000    0.005077 -180.000000                0.910305
 10    45.000000    0.023572 -180.000000                0.894232
 11    50.000000    0.014470  180.000000                0.877089
 12    55.000000    0.002384      --                    0.858954
 13    60.000000    0.007911      --                    0.840024
 14    65.000000    0.002655      --                    0.819958
 15    70.000000    0.006525  180.000000                0.799065
 16    75.000000    0.012886  180.000000                0.777625
 17    80.000000    0.010670 -180.000000                0.755194
 18    85.000000    0.007516  180.000000                0.732141
 19    90.000000    0.000662 -180.000000                0.708546
 20    95.000000    0.003025      --                    0.684644
 21   100.000000    0.003950      --                    0.660084
 22   105.000000    0.005381      --                    0.635213
 23   110.000000    0.004711      --                    0.610103
 24   115.000000    0.002697      --                    0.584945
 25   120.000000    0.000481      --                    0.559490
 26   125.000000    0.002894  180.000000                0.534031
 27   130.000000    0.003659      --                    0.508811
 28   135.000000    0.001786 -180.000000                0.483448
 29   140.000000    0.004402 -180.000000                0.458313
 30   145.000000    0.007135 -180.000000                0.433460
 31   150.000000    0.163532 -180.000000                0.409297
 32   155.000000    0.139750 -180.000000                0.385772
 33   160.000000    0.112524 -180.000000                0.362681
 34   165.000000    0.083837 -180.000000                0.340059
 35   170.000000    0.301534      --                    0.318048
 36   175.000000    0.276663      --                    0.296454
 37   180.000000    0.245689      --                    0.275484
 38   185.000000    0.208684      --                    0.255159
 39   190.000000    0.114279  180.000000                0.235590
 40   195.000000    0.134606  180.000000                0.216626
 41   200.000000    0.145040  180.000000                0.198410
 42   205.000000    0.003600      --                    0.181048
 43   210.000000    0.027897      --                    0.164328
 44   215.000000    0.052430      --                    0.148419
 45   220.000000    0.070680      --                    0.133316
 46   225.000000    0.001029      --                    0.119369
 47   230.000000    0.014362  180.000000                0.106394
 48   235.000000    0.030591  180.000000                0.094177
 49   240.000000    0.042428  180.000000                0.082705
 50   245.000000    0.004519      --                    0.072020
 51   250.000000    0.015063      --                    0.061997
 52   255.000000    0.023176      --                    0.052696
 53   260.000000    0.002011 -180.000000                0.044231
 54   265.000000    0.008803 -180.000000                0.037557
 55   270.000000    0.012099  180.000000                0.031404
 56   275.000000    0.012835  180.000000                0.025751
 57   280.000000    0.005516      --                    0.020609
 58   285.000000    0.004001      --                    0.015889
 59   290.000000    0.005303      --                    0.011625
 60   295.000000    0.006135      --                    0.007794
 61   300.000000    0.000100      --                    0.005754
