  1       --        1.000000      --                    1.000000
  2     5.000000    0.992000      --                    0.992948
  3    10.000000    0.981103      --                    0.984549
  4    15.000000    0.967922      --                    0.974862
  5    20.000000    0.953244      --                    0.964144
  6    25.000000    0.936621      --                    0.951977
  7    30.000000    0.918938      --                    0.938588
  8    35.000000    0.900216      --                    0.924046
  9    40.000000    0.881698      --                    0.909011
 10    45.000000    0.862349      --                    0.892945
 11    50.000000    0.842333      --                    0.875834
 12    55.000000    0.821732      --                    0.857756
 13    60.000000    0.801377      --                    0.838905
 14    65.000000    0.779535      --                    0.818945
 15    70.000000    0.757772      --                    0.798178
 16    75.000000    0.736175      --                    0.776875
 17    80.000000    0.713680      --                    0.754606
 18    85.000000    0.691031      --                    0.731728
 19    90.000000    0.668239      --                    0.708317
 20    95.000000    0.645519      --                    0.684606
 21   100.000000    0.622239      --                    0.660249
 22   105.000000    0.598391      --                    0.635583
 23   110.000000    0.574857      --                    0.610678
 24   115.000000    0.551386      --                    0.585724
 25   120.000000    0.527384      --                    0.560473
 26   125.000000    0.503538      --                    0.535211
 27   130.000000    0.480088      --                    0.510177
 28   135.000000    0.455691      --                    0.484995
 29   140.000000    0.432052      --                    0.460029
 30   145.000000    0.408242      --                    0.435329
 31   150.000000    0.385415      --                    0.411316
 32   155.000000    0.362501      --                    0.387947
 33   160.000000    0.340230      --                    0.364992
 34   165.000000    0.318353      --                    0.342486
 35   170.000000    0.297223      --                    0.320569
 36   175.000000    0.275966      --                    0.299051
 37   180.000000    0.255266      --                    0.278134
 38   185.000000    0.235277      --                    0.257840
 39   190.000000    0.216307      --                    0.238281
 40   195.000000    0.197456      --                    0.219305
 41   200.000000    0.179660      --                    0.201055
 42   205.000000    0.163068      --                    0.183639
 43   210.000000    0.146723      --                    0.166846
 44   215.000000    0.131199      --                    0.150844
 45   220.000000    0.116915      --                    0.135630
 46   225.000000    0.104214      --                    0.121574
 47   230.000000    0.092054      --                    0.108488
 48   235.000000    0.080849      --                    0.096144
 49   240.000000    0.070510      --                    0.084533
 50   245.000000    0.061275      --                    0.073697
 51   250.000000    0.052404      --                    0.063513
 52   255.000000    0.044012      --                    0.054042
 53   260.000000    0.037277      --                    0.045412
 54   265.000000    0.031769      --                    0.038619
 55   270.000000    0.026663      --                    0.032341
 56   275.000000    0.021900      --                    0.026559
 57   280.000000    0.017942      --                    0.021286
 58   285.000000    0.013650      --                    0.016433
 59   290.000000    0.009828      --                    0.012035
 60   295.000000    0.006416      --                    0.008072
 61   300.000000    0.004953      --                    0.005975
