  1       --        1.000000      --                    1.000000
  2     5.000000    0.967444      --                    0.993047
  3    10.000000    0.886084      --                    0.984735
  4    15.000000    0.766175      --                    0.975124
  5    20.000000    0.621005      --                    0.964472
  6    25.000000    0.463656      --                    0.952359
  7    30.000000    0.310777      --                    0.939012
  8    35.000000    0.172006      --                    0.924501
  9    40.000000    0.056726      --                    0.909483
 10    45.000000    0.029482  180.000000                0.893415
 11    50.000000    0.086908  180.000000                0.876293
 12    55.000000    0.117274  180.000000                0.858196
 13    60.000000    0.125313  180.000000                0.839317
 14    65.000000    0.117482  180.000000                0.819319
 15    70.000000    0.097686  180.000000                0.798508
 16    75.000000    0.072684  180.000000                0.777156
 17    80.000000    0.046637  180.000000                0.754830
 18    85.000000    0.023843  180.000000                0.731889
 19    90.000000    0.003267  180.000000                0.708413
 20    95.000000    0.011875      --                    0.684633
 21   100.000000    0.022477      --                    0.660204
 22   105.000000    0.030210      --                    0.635464
 23   110.000000    0.033233      --                    0.610486
 24   115.000000    0.033785      --                    0.585458
 25   120.000000    0.032545      --                    0.560134
 26   125.000000    0.030814      --                    0.534802
 27   130.000000    0.028274      --                    0.509701
 28   135.000000    0.025203      --                    0.484453
 29   140.000000    0.021860      --                    0.459426
 30   145.000000    0.019031      --                    0.434671
 31   150.000000    0.017731      --                    0.410604
 32   155.000000    0.015652      --                    0.387178
 33   160.000000    0.014387      --                    0.364174
 34   165.000000    0.013836      --                    0.341625
 35   170.000000    0.013370      --                    0.319674
 36   175.000000    0.012616      --                    0.298128
 37   180.000000    0.011781      --                    0.277191
 38   185.000000    0.010850      --                    0.256885
 39   190.000000    0.010285      --                    0.237322
 40   195.000000    0.008495      --                    0.218350
 41   200.000000    0.006657      --                    0.200111
 42   205.000000    0.005729      --                    0.182714
 43   210.000000    0.003436      --                    0.165946
 44   215.000000    0.001327      --                    0.149977
 45   220.000000    0.000369 -180.000000                0.134802
 46   225.000000    0.001986  180.000000                0.120785
 47   230.000000    0.002641  180.000000                0.107738
 48   235.000000    0.002797  180.000000                0.095439
 49   240.000000    0.002184  180.000000                0.083878
 50   245.000000    0.001850  180.000000                0.073095
 51   250.000000    0.000671  180.000000                0.062969
 52   255.000000    0.000601      --                    0.053559
 53   260.000000    0.002139      --                    0.044988
 54   265.000000    0.004117      --                    0.038237
 55   270.000000    0.004924      --                    0.032004
 56   275.000000    0.004995      --                    0.026268
 57   280.000000    0.005760      --                    0.021042
 58   285.000000    0.003785      --                    0.016237
 59   290.000000    0.002274      --                    0.011888
 60   295.000000    0.000915      --                    0.007972
 61   300.000000    0.001326      --                    0.005895
