  1       --        1.000000      --                    1.000000
  2     5.000000    0.925207      --                    0.992749
  3    10.000000    0.745603      --                    0.984164
  4    15.000000    0.524475      --                    0.974306
  5    20.000000    0.319847      --                    0.963426
  6    25.000000    0.166342      --                    0.951115
  7    30.000000    0.071919      --                    0.937597
  8    35.000000    0.028638      --                    0.922940
  9    40.000000    0.016742      --                    0.907828
 10    45.000000    0.018890      --                    0.891698
 11    50.000000    0.024420      --                    0.874537
 12    55.000000    0.026795      --                    0.856422
 13    60.000000    0.024680      --                    0.837540
 14    65.000000    0.020334      --                    0.817567
 15    70.000000    0.012071      --                    0.796798
 16    75.000000    0.004525      --                    0.775497
 17    80.000000    0.001219 -180.000000                0.753248
 18    85.000000    0.006980 -180.000000                0.730397
 19    90.000000    0.008640 -180.000000                0.707022
 20    95.000000    0.009845  180.000000                0.683346
 21   100.000000    0.009434  180.000000                0.659039
 22   105.000000    0.008151  180.000000                0.634426
 23   110.000000    0.006337  180.000000                0.609578
 24   115.000000    0.005070  180.000000                0.584678
 25   120.000000    0.004234  180.000000                0.559490
 26   125.000000    0.002522  180.000000                0.534292
 27   130.000000    0.001512  180.000000                0.509311
 28   135.000000    0.002191  180.000000                0.484195
 29   140.000000    0.002318  180.000000                0.459291
 30   145.000000    0.004114  180.000000                0.434649
 31   150.000000    0.004529  180.000000                0.410748
 32   155.000000    0.004773  180.000000                0.387452
 33   160.000000    0.004835  180.000000                0.364562
 34   165.000000    0.005797  180.000000                0.342113
 35   170.000000    0.007726  180.000000                0.320244
 36   175.000000    0.007673  180.000000                0.298774
 37   180.000000    0.007668  180.000000                0.277895
 38   185.000000    0.010403  180.000000                0.257756
 39   190.000000    0.009564  180.000000                0.238091
 40   195.000000    0.009203 -180.000000                0.219133
 41   200.000000    0.008966 -180.000000                0.200890
 42   205.000000    0.010130 -180.000000                0.183469
 43   210.000000    0.010549 -180.000000                0.166673
 44   215.000000    0.007958 -180.000000                0.150659
 45   220.000000    0.003675 -180.000000                0.135424
 46   225.000000    0.000611      --                    0.121420
 47   230.000000    0.010792      --                    0.108318
 48   235.000000    0.016354      --                    0.095951
 49   240.000000    0.017044      --                    0.084310
 50   245.000000    0.027873      --                    0.073437
 51   250.000000    0.010853      --                    0.063216
 52   255.000000    0.001939 -180.000000                0.053703
 53   260.000000    0.040058 -180.000000                0.045223
 54   265.000000    0.027707 -180.000000                0.038407
 55   270.000000    0.015125 -180.000000                0.032103
 56   275.000000    0.004516 -180.000000                0.026292
 57   280.000000    0.020841      --                    0.020985
 58   285.000000    0.014815      --                    0.016101
 59   290.000000    0.008547      --                    0.011671
 60   295.000000    0.002802      --                    0.007674
 61   300.000000    0.005926  180.000000                0.005926
