  1       --        1.000000      --                    1.000000
  2     5.000000    0.989556      --                    0.992929
  3    10.000000    0.972105      --                    0.984513
  4    15.000000    0.948818      --                    0.974811
  5    20.000000    0.921588      --                    0.964079
  6    25.000000    0.891117      --                    0.951902
  7    30.000000    0.858753      --                    0.938505
  8    35.000000    0.825274      --                    0.923956
  9    40.000000    0.791504      --                    0.908918
 10    45.000000    0.758479      --                    0.892852
 11    50.000000    0.724981      --                    0.875744
 12    55.000000    0.692154      --                    0.857670
 13    60.000000    0.659611      --                    0.838823
 14    65.000000    0.627644      --                    0.818871
 15    70.000000    0.596362      --                    0.798112
 16    75.000000    0.566419      --                    0.776818
 17    80.000000    0.536502      --                    0.754561
 18    85.000000    0.507516      --                    0.731695
 19    90.000000    0.478491      --                    0.708297
 20    95.000000    0.451004      --                    0.684599
 21   100.000000    0.424102      --                    0.660256
 22   105.000000    0.397041      --                    0.635604
 23   110.000000    0.371907      --                    0.610714
 24   115.000000    0.347321      --                    0.585774
 25   120.000000    0.323593      --                    0.560537
 26   125.000000    0.299538      --                    0.535289
 27   130.000000    0.278213      --                    0.510268
 28   135.000000    0.256515      --                    0.485099
 29   140.000000    0.235494      --                    0.460145
 30   145.000000    0.216103      --                    0.435456
 31   150.000000    0.197999      --                    0.411453
 32   155.000000    0.181264      --                    0.388095
 33   160.000000    0.165337      --                    0.365149
 34   165.000000    0.150573      --                    0.342651
 35   170.000000    0.137100      --                    0.320742
 36   175.000000    0.124381      --                    0.299230
 37   180.000000    0.112152      --                    0.278316
 38   185.000000    0.101415      --                    0.258024
 39   190.000000    0.091604      --                    0.238466
 40   195.000000    0.082306      --                    0.219490
 41   200.000000    0.074268      --                    0.201238
 42   205.000000    0.067263      --                    0.183818
 43   210.000000    0.060551      --                    0.167020
 44   215.000000    0.054180      --                    0.151013
 45   220.000000    0.048220      --                    0.135791
 46   225.000000    0.044540      --                    0.121727
 47   230.000000    0.040003      --                    0.108633
 48   235.000000    0.036128      --                    0.096281
 49   240.000000    0.032170      --                    0.084660
 50   245.000000    0.029668      --                    0.073814
 51   250.000000    0.025832      --                    0.063619
 52   255.000000    0.022669      --                    0.054136
 53   260.000000    0.020355      --                    0.045494
 54   265.000000    0.018142      --                    0.038693
 55   270.000000    0.016104      --                    0.032406
 56   275.000000    0.013724      --                    0.026616
 57   280.000000    0.012246      --                    0.021334
 58   285.000000    0.009234      --                    0.016471
 59   290.000000    0.006509      --                    0.012064
 60   295.000000    0.003937      --                    0.008091
 61   300.000000    0.003350      --                    0.005991
