  1       --        1.000000      --                    1.000000
  2     5.000000    0.992105      --                    0.992809
  3    10.000000    0.981731      --                    0.984278
  4    15.000000    0.969198      --                    0.974465
  5    20.000000    0.955063      --                    0.963624
  6    25.000000    0.939513      --                    0.951344
  7    30.000000    0.922340      --                    0.937849
  8    35.000000    0.904082      --                    0.923207
  9    40.000000    0.885826      --                    0.908102
 10    45.000000    0.866335      --                    0.891966
 11    50.000000    0.846440      --                    0.874793
 12    55.000000    0.825859      --                    0.856660
 13    60.000000    0.804866      --                    0.837755
 14    65.000000    0.783061      --                    0.817753
 15    70.000000    0.760585      --                    0.796950
 16    75.000000    0.738026      --                    0.775612
 17    80.000000    0.714940      --                    0.753320
 18    85.000000    0.691706      --                    0.730424
 19    90.000000    0.667171      --                    0.707001
 20    95.000000    0.643841      --                    0.683275
 21   100.000000    0.618712      --                    0.658916
 22   105.000000    0.594330      --                    0.634251
 23   110.000000    0.570018      --                    0.609352
 24   115.000000    0.545330      --                    0.584399
 25   120.000000    0.520412      --                    0.559160
 26   125.000000    0.495477      --                    0.533912
 27   130.000000    0.471171      --                    0.508884
 28   135.000000    0.446505      --                    0.483723
 29   140.000000    0.421895      --                    0.458777
 30   145.000000    0.397796      --                    0.434097
 31   150.000000    0.374983      --                    0.410162
 32   155.000000    0.352197      --                    0.386829
 33   160.000000    0.329744      --                    0.363905
 34   165.000000    0.307997      --                    0.341429
 35   170.000000    0.287306      --                    0.319535
 36   175.000000    0.266625      --                    0.298047
 37   180.000000    0.246573      --                    0.277156
 38   185.000000    0.227958      --                    0.257009
 39   190.000000    0.209421      --                    0.237342
 40   195.000000    0.191697      --                    0.218387
 41   200.000000    0.174746      --                    0.200154
 42   205.000000    0.159041      --                    0.182746
 43   210.000000    0.143676      --                    0.165969
 44   215.000000    0.128938      --                    0.149978
 45   220.000000    0.115184      --                    0.134772
 46   225.000000    0.103424      --                    0.120801
 47   230.000000    0.091890      --                    0.107727
 48   235.000000    0.081064      --                    0.095393
 49   240.000000    0.071158      --                    0.083788
 50   245.000000    0.062065      --                    0.072953
 51   250.000000    0.053307      --                    0.062773
 52   255.000000    0.045222      --                    0.053304
 53   260.000000    0.038307      --                    0.044881
 54   265.000000    0.032738      --                    0.038096
 55   270.000000    0.027392      --                    0.031824
 56   275.000000    0.022584      --                    0.026046
 57   280.000000    0.018304      --                    0.020773
 58   285.000000    0.013969      --                    0.015924
 59   290.000000    0.010006      --                    0.011529
 60   295.000000    0.006458      --                    0.007567
 61   300.000000    0.005175      --                    0.005861
